1 10000
2 8500
3 7225
4 6141
5 5220
6 4437
7 3771
8 3206
9 2725
10 2316
11 1969
12 1673
13 1422
14 1209
15 1028
16 874
17 743
18 631
19 536
20 456
21 410
22 369
23 332
24 299
25 269
26 242
27 218
28 196
29 177
30 159
31 143
32 129
33 116
34 104
35 94
36 84
37 76
38 68
39 62
40 55
41 50
42 45
43 40
44 36
45 33
46 29                     
47 27
48 24
49 21
50 19
51 18
52 17
53 16
54 15
55 14
56 13
57 12
58 11
59 10
60 9
61 8
62 7
63 6
64 5
65 4
66 3
67 2
68* 1
*Skaters ranked 68th and beyond in the distance classification will also receive 1 point
